53
24
100
65
195
202
63
179
160
205
165
60
65
100
152
149
227
90
191
204
17
192
33
129
196
160
250
176
152
248
23
181
213
173
12
47
67
139
33
127
45
225
89
148
83
225
236
120
215
126
106
1
123
146
142
47
65
153
150
164
175
206
208
160
28
249
191
144
126
254
210
192
56
238
112
45
154
234
222
254
130
106
28
22
47
7
167
232
79
85
100
248
157
78
188
92
14
110
138
29
196
212
125
75
165
161
243
83
110
105
77
233
183
66
163
50
205
11
157
213
242
129
101
2
125
91
158
205
222
88
69
102
167
121
50
20
8
102
133
67
154
22
47
101
41
208
52
201
72
214
